1.760326633821497344e-01
1.902523491421256319e-01
2.028947686912190296e-01
2.138311024661603277e-01
2.229441934070025555e-01
2.301300114004763975e-01
2.352989762197076340e-01
2.383771165234654932e-01
2.393070450260216253e-01
2.380487329315067457e-01
2.345800700825334539e-01
2.288972009299529153e-01
2.210146303088972308e-01
2.109650970196940145e-01
1.987992172710588701e-01
1.845849040562113075e-01
1.684065724104525374e-01
1.503641441552631131e-01
1.305718690890859124e-01
1.091569825668076144e-01
8.625822195672516735e-02
6.202422652524208768e-02
3.661184683828522246e-02
1.018439076057564563e-02
-1.709016643042904349e-02
-4.504098041585435919e-02
-7.349611794362531647e-02
-1.022842930817189355e-01
-1.312365356443268016e-01
-1.601877698502450764e-01
-1.889782836561650914e-01
-2.174550718767295221e-01
-2.454730390878460122e-01
-2.728960513371446739e-01
-2.995978287828254261e-01
-3.254626744783569170e-01
-3.503860375480624123e-01
-3.742749118952293230e-01
4.029519257057299630e-01
-4.186361681935564794e-01
-4.389816417563188189e-01
3.419614494370606383e-01
-4.757722369678687446e-01
-4.921588993363116837e-01
-5.071850652767145862e-01
-5.208469835403677362e-01
-5.331499494920723947e-01
-5.441075789856393286e-01
-5.537410451303976799e-01
-5.620782918399540584e-01
-5.691532372456289401e-01
