1.667145487197096099e+00
1.816884664308770603e+00
1.964758170236308166e+00
2.108024010767936662e+00
2.243887875820149702e+00
2.369616858594584929e+00
2.482659438531954255e+00
2.580765046744776470e+00
2.662096126212095015e+00
2.725325714569765356e+00
2.769714224453864837e+00
2.795160232900841368e+00
2.802221626961965306e+00
2.792105258604232532e+00
2.766625185233504425e+00
2.728131453200089318e+00
2.679413072087332814e+00
2.623580206300120565e+00
2.563931595330916302e+00
2.503813768047220556e+00
2.446478747168780110e+00
2.394946693974775442e+00
2.351879393690258002e+00
2.319469715816000921e+00
2.299351286812912676e+00
2.292531657662499001e+00
2.299351286812912676e+00
2.319469715816000921e+00
2.351879393690258002e+00
2.394946693974775442e+00
2.446478747168780110e+00
2.503813768047220556e+00
2.563931595330915414e+00
2.623580206300120565e+00
2.679413072087332814e+00
2.728131453200088874e+00
2.766625185233504425e+00
2.792105258604232532e+00
2.802221626961964862e+00
2.795160232900841368e+00
2.769714224453864837e+00
2.725325714569764912e+00
2.662096126212095015e+00
2.580765046744776470e+00
2.482659438531954255e+00
2.369616858594584929e+00
2.243887875820149702e+00
2.108024010767936218e+00
1.964758170236308610e+00
1.816884664308771047e+00
1.667145487197096543e+00
