1.731162903245822282e-01
1.706373941960332430e-01
3.390672235502200649e-01
4.437153271432805468e-01
2.941556800097430147e-01
3.383881290343609405e-01
3.666774907089787039e-01
3.360462302405835544e-01
4.680240719611976075e-01
4.449495041636163939e-01
3.994813848971097148e-01
3.860814762806611400e-01
3.255094775084402814e-01
3.794422744979161211e-01
3.182482717397818739e-01
3.539584027521973653e-01
3.059157846820949045e-01
3.865278163417190660e-01
2.972155398288783279e-01
3.872146393112040896e-01
2.740233363866276806e-01
2.622251193493400079e-01
3.121044276944348050e-01
1.384933785478526802e-01
2.372618533679890507e-01
7.683795009115998442e-02
5.794853820336776096e-02
1.529961607959304595e-02
-3.837829308726974087e-02
-1.625626933850853328e-01
-2.073605596732677192e-01
-2.561330759645762400e-01
-3.491367918413930127e-01
-4.136317219724247596e-01
-4.615287030975875893e-01
-4.900249989630500180e-01
-6.657834029349144478e-01
-6.583464173024788924e-01
-6.265199454754838415e-01
-8.225622701667532066e-01
-7.265640902212271435e-01
-8.262157159679369700e-01
-8.515028827779344001e-01
-8.708856356780424468e-01
-8.296921136081878423e-01
-7.456635862954826832e-01
-8.104085940119213349e-01
-6.678656069652363358e-01
-6.188485044088227749e-01
-5.858588609362762600e-01
-5.670979863386680364e-01
