-3.746717807580678822e-02
-7.351047732683130276e-02
6.273590732257407210e-02
1.378518724911619309e-01
-3.753532625494501729e-02
-1.465936394506417266e-02
-2.796851441697782454e-03
-4.475238840968958492e-02
8.094424314265402653e-02
5.640958697848880848e-02
1.399407829752471674e-02
7.841524208790289635e-03
-4.153753343271645443e-02
2.743565988710962994e-02
-1.473145686612127581e-02
4.445174628769383435e-02
2.517483992774119383e-02
1.411061603138020204e-01
9.530991728409859975e-02
2.389403322911241578e-01
1.915075403988256986e-01
2.594606055589575577e-01
4.045398731346112609e-01
3.423811462671395578e-01
5.688288866900341745e-01
5.513803718517329422e-01
6.889672715769964428e-01
8.137887939337786758e-01
9.355947016528795013e-01
9.917324285918480697e-01
1.128997672924155538e+00
1.261227875751066207e+00
1.345792088974113510e+00
1.453511917628671712e+00
1.570945613708607302e+00
1.699605432867997257e+00
1.671579388347146367e+00
1.815892584463143944e+00
1.971897828770867500e+00
1.884883700905057635e+00
2.071544479546237660e+00
2.040158136986187642e+00
2.055984921514546926e+00
2.045386352731882518e+00
2.057964951978088486e+00
2.071770992419576629e+00
1.892730755827015221e+00
1.877037765611007769e+00
1.727228913890866080e+00
1.527565559875063483e+00
1.289662172340882762e+00
