1.929619692373111484
2.169036934379068970
2.555235341232775959
2.843740284389207229
2.837358998556868794
2.980797349385346351
3.064417691422336443
3.048214415413852851
3.158787324914199779
3.084803591743466189
2.965771085104619065
2.862987764950259972
2.703746083358237851
2.655886997658287729
2.495682496653144788
2.441019740661762416
2.317296166808787028
2.343379168861304596
2.227660819261266134
2.326806738073157632
2.265952824865402615
2.357055993110485304
2.566821598455944375
2.614683071151494786
2.998321917151989702
3.184232226443392211
3.566674340568445345
3.968915228036157927
4.387351804831967961
4.741995289690851045
5.159430002255438019
5.532125715300448832
5.797049165990936892
6.007784347208561471
6.138722726606128610
6.185568914542494134
5.981437184564645015
5.862851275748125701
5.682078770376992161
5.201238883442295347
4.956108964082575064
4.474713995041589953
4.041362631535093008
3.599686941599237411
3.213974479460197653
2.873798104970196388
2.393064957650677282
2.132221493406770474
1.794359775733983753
1.460877454399684972
1.137648234646021272
