1.988575908659036218e+00
2.013825426631493887e+00
2.027541906975562025e+00
2.028939138365760897e+00
2.017474751804588351e+00
1.992902014933967569e+00
1.955315028696010149e+00
1.905183524819323404e+00
1.843373627114260671e+00
1.771151483515919445e+00
1.690167660462255528e+00
1.602421684415782366e+00
1.510208203966211915e+00
1.416049036542812889e+00
1.322618942726027758e+00
1.232677280769602257e+00
1.149022282674653894e+00
1.074488342285764286e+00
1.012007046111198960e+00
9.647460848411142376e-01
9.363224128977714056e-01
9.310540396497317683e-01
9.541699166355537276e-01
1.011848687036204897e+00
4.110923666869362947e+00
1.258100082503065487e+00
1.458607006292640840e+00
1.714360697610881168e+00
2.021927193152158964e+00
2.370780635639425871e+00
2.742472190199320536e+00
3.111266629878747025e+00
3.446528591309006906e+00
3.716687396124887854e+00
3.894104453168384605e+00
3.959788418374144747e+00
3.906810739562661006e+00
3.741536922982956703e+00
3.482343444137936839e+00
3.156157207831092215e+00
2.793708379485726478e+00
2.424648845338907677e+00
2.073594250283453455e+00
1.757766646316269110e+00
1.486407704972246391e+00
1.261677230618661216e+00
1.080474808982583301e+00
9.365632980877036662e-01
8.224904609507348585e-01
7.310135793086327549e-01
6.559435880227125759e-01
