6.8971e-01
1.2568e+00
1.6971e+00
2.0119e+00
2.2084e+00
2.2987e+00
2.2991e+00
2.2283e+00
2.1058e+00
1.9502e+00
1.7781e+00
1.6034e+00
1.4367e+00
1.2861e+00
1.1569e+00
1.0531e+00
9.7717e-01
9.3125e-01
9.1679e-01
9.3463e-01
9.8462e-01
1.0652e+00
1.1728e+00
1.3019e+00
1.4452e+00
1.5938e+00
1.7383e+00
1.8702e+00
1.9826e+00
2.0711e+00
2.1346e+00
2.1751e+00
2.1971e+00
2.2063e+00
2.2086e+00
1.9055e+01
1.9650e+00
1.9645e+00
1.9603e+00
1.9474e+00
1.9197e+00
1.8721e+00
1.8013e+00
1.7071e+00
1.5929e+00
1.4653e+00
1.3339e+00
1.2096e+00
1.1036e+00
1.0261e+00
9.8492e-01
