1.2588e-02
7.3485e-02
1.5522e-01
2.3554e-01
2.9944e-01
3.3911e-01
3.5257e-01
3.4171e-01
3.1075e-01
2.6551e-01
2.1329e-01
1.6264e-01
1.2248e-01
1.0038e-01
1.0045e-01
1.2165e-01
1.5767e-01
1.9836e-01
2.3268e-01
2.5196e-01
2.5236e-01
2.3561e-01
2.0787e-01
1.7722e-01
1.5079e-01
1.3270e-01
1.2343e-01
1.2056e-01
3.7675e-01
-5.3160e-01
-5.3274e-01
-5.3448e-01
-5.3560e-01
1.3897e+00
-4.4066e-01
-4.4340e-01
-4.5207e-01
-4.6851e-01
-4.9156e-01
-5.1650e-01
-5.3607e-01
-5.4303e-01
-5.3336e-01
-5.0879e-01
-4.7748e-01
-4.5214e-01
-4.4586e-01
-4.6682e-01
-5.1354e-01
-5.7244e-01
-6.1839e-01
