5.7549e-01
6.6927e-01
7.5963e-01
8.4308e-01
9.1662e-01
9.7768e-01
1.0240e+00
1.0532e+00
1.0626e+00
1.0492e+00
1.0090e+00
9.3804e-01
8.3215e-01
6.8794e-01
5.0336e-01
2.7853e-01
1.6448e-02
-2.7658e-01
-5.9073e-01
-9.1287e-01
-1.2273e+00
-1.5168e+00
-1.7641e+00
-1.9534e+00
-2.0721e+00
-2.1119e+00
-2.0699e+00
-1.9486e+00
-1.7561e+00
-1.5050e+00
-1.2112e+00
-8.9254e-01
-5.6690e-01
-2.5083e-01
4.1791e-02
3.0059e-01
5.1917e-01
6.9499e-01
8.2891e-01
9.2431e-01
9.8615e-01
1.0199e+00
1.0306e+00
1.0224e+00
9.9831e-01
9.6002e-01
9.0866e-01
8.4519e-01
7.7092e-01
6.8793e-01
5.9913e-01
