8.746373926315466063e-01
9.771189752038055287e-01
1.154964905482697368e+00
1.275985472123294606e+00
1.292429447651504359e+00
1.352423523287939799e+00
1.341819573093383067e+00
1.314344095282914626e+00
1.367653503314279817e+00
1.181449930871748322e+00
1.167696548780323695e+00
1.105815836580788192e+00
1.126727003235285407e+00
1.147401448215457753e+00
1.029175449228701744e+00
9.769618524669946291e-01
1.095998744489680599e+00
1.056726234394556485e+00
1.085992590814006453e+00
1.189703795596143365e+00
1.120674460494037517e+00
1.077096950299999190e+00
1.054527435396158896e+00
1.076713800193958459e+00
1.053716867545473557e+00
1.054334350973751055e+00
1.097566268779624377e+00
1.100809727554936890e+00
1.188510269233673089e+00
1.134966595762769703e+00
1.235257013845061591e+00
1.169918165170065638e+00
1.046292517538160327e+00
1.039480426248246658e+00
8.734713820871584655e-01
7.175353293365055452e-01
7.256363498287080604e-01
6.778273678375342781e-01
6.451404415121220204e-01
5.690022176870470627e-01
4.920730758818061545e-01
5.594108462678162308e-01
5.879081450884257043e-01
6.639582910582856323e-01
7.220969344076809682e-01
8.364193561561640289e-01
7.989738371471613032e-01
8.018367625152963418e-01
8.283620091470995650e-01
8.867758769046005796e-01
7.987591431543492604e-01
