2.534561444376273620e+00
3.536895539153725121e+00
4.013986443695673145e+00
4.611706474448301840e+00
5.035858006803396236e+00
5.249126942155025510e+00
5.412081012665644231e+00
5.680208032979882304e+00
5.867464658357585350e+00
5.842136231116107581e+00
6.097290690261680801e+00
5.856860219349601770e+00
5.900725953749567765e+00
5.676161976801290088e+00
5.411482836229003723e+00
5.198110509893363762e+00
5.055090752031555112e+00
4.722398032268523060e+00
4.484120061591367445e+00
4.036837939769460704e+00
3.719019312384420850e+00
3.273254265198379809e+00
3.120056251515226808e+00
3.033589927023597976e+00
2.821320296351906620e+00
3.037477397362846165e+00
2.939745044626588033e+00
3.119843628124065571e+00
3.569170087105939526e+00
3.944279885396877461e+00
4.493290956808310810e+00
5.029950141911393224e+00
5.488549594949517996e+00
5.938069758925236030e+00
5.898366158368537171e+00
5.952808146963012526e+00
5.849181057106771497e+00
5.480117515623220470e+00
4.957667707297821025e+00
4.495240022961812798e+00
3.668894585772715100e+00
3.144772601807774848e+00
2.458316775626596229e+00
2.006739840371278394e+00
1.251298959192808757e+00
8.185010974477139323e-01
6.681498041595613779e-01
2.842168275457114257e-01
2.835186399701757898e-01
1.293284020486525909e-01
3.830556086659424320e-02
