2.419707245282781027
2.660852499350644607
2.896915529001507839
3.122539338755752514
3.332246046855835697
3.520653328401823767
3.682701600765197369
3.813878772867291378
3.910428797116403565
3.969530835805462399
3.989437671209474345
3.969565087761028011
3.910528348275214228
3.814127579318141947
3.683290833710798573
3.521991569900643881
3.335165498175911125
3.128658352968749945
2.909237719299558211
2.684693381002197121
2.464025729310813873
2.257676286155305689
2.077690242168986234
1.937631223426503180
1.852020584819763727
1.835085621790798704
1.898709929803498619
2.049699120563426735
2.286776239366392627
2.598018697578896141
2.959616910323315420
3.336751487419101103
3.686991957380312268
3.965971780449246253
4.134372242702988309
4.164705808950012411
4.046256632091415284
3.786910751177458678
3.411400544747795305
2.956440851812585091
2.464025729310812096
1.974528740394126292
1.521115538372097120
1.126434036185092413
0.8018237746936713872
0.5486364920823375568
0.3608649477634514602
0.2281931056539361347
0.1387491615947707979
0.08114107054372736438
0.04565678637702892673
