0.000000000000000000e+00
4.000000000000000083e-02
8.000000000000000167e-02
1.199999999999999956e-01
1.600000000000000033e-01
2.000000000000000111e-01
2.399999999999999911e-01
2.800000000000000266e-01
3.200000000000000067e-01
3.599999999999999867e-01
4.000000000000000222e-01
4.400000000000000022e-01
4.799999999999999822e-01
5.200000000000000178e-01
5.600000000000000533e-01
5.999999999999999778e-01
6.400000000000000133e-01
6.800000000000000488e-01
7.199999999999999734e-01
7.600000000000000089e-01
7.999999999999999334e-01
7.800000000000000266e-01
7.600000000000000089e-01
7.399999999999999911e-01
7.199999999999999734e-01
6.999999999999999556e-01
6.799999999999999378e-01
6.599999999999999201e-01
6.399999999999999023e-01
6.199999999999999956e-01
5.999999999999999778e-01
5.799999999999999600e-01
5.599999999999999423e-01
5.399999999999999245e-01
5.199999999999999067e-01
4.999999999999998890e-01
4.799999999999999822e-01
4.599999999999999645e-01
4.399999999999999467e-01
4.199999999999999289e-01
4.000000000000000222e-01
4.200000000000000400e-01
4.399999999999999467e-01
4.599999999999999645e-01
4.799999999999999822e-01
5.000000000000000000e-01
5.200000000000000178e-01
5.400000000000000355e-01
5.599999999999999423e-01
5.799999999999999600e-01
5.999999999999999778e-01
