1.929619692373111484e+00
2.169036934379068970e+00
2.555235341232775959e+00
2.843740284389207229e+00
2.837358998556868794e+00
2.980797349385346351e+00
3.064417691422336443e+00
3.048214415413852851e+00
3.158787324914199779e+00
3.084803591743466189e+00
2.965771085104619065e+00
2.862987764950259972e+00
2.703746083358237851e+00
2.655886997658287729e+00
2.495682496653144788e+00
2.441019740661762416e+00
2.317296166808787028e+00
2.343379168861304596e+00
2.227660819261266134e+00
2.326806738073157632e+00
2.265952824865402615e+00
2.357055993110485304e+00
2.566821598455944375e+00
2.614683071151494786e+00
2.998321917151989702e+00
3.184232226443392211e+00
3.566674340568445345e+00
3.968915228036157927e+00
4.387351804831967961e+00
4.741995289690851045e+00
5.159430002255438019e+00
5.532125715300448832e+00
5.797049165990936892e+00
6.007784347208561471e+00
6.138722726606128610e+00
6.185568914542494134e+00
5.981437184564645015e+00
5.862851275748125701e+00
5.682078770376992161e+00
5.201238883442295347e+00
4.956108964082575064e+00
4.474713995041589953e+00
4.041362631535093008e+00
3.599686941599237411e+00
3.213974479460197653e+00
2.873798104970196388e+00
2.393064957650677282e+00
2.132221493406770474e+00
1.794359775733983753e+00
1.460877454399684972e+00
1.137648234646021272e+00
