7.383182988039711514e-01
7.720294228167906558e-01
9.569375473950797462e-01
1.058518743948111407e+00
8.896303321319722901e-01
9.042350573629637234e-01
9.001604400841777265e-01
8.420676290659530050e-01
9.575657587379534652e-01
9.321537225367281243e-01
8.979882702058975541e-01
9.054413990184484451e-01
8.684951424842324297e-01
9.408913114727018856e-01
8.857203493236047720e-01
9.100788525691982933e-01
8.319017645855975029e-01
8.661413729039487697e-01
7.203137338049351301e-01
7.521779518089041217e-01
5.886047524265948239e-01
5.427081458166217454e-01
5.810104524465155018e-01
4.213628137717287947e-01
5.591924372251606545e-01
4.594671537246862170e-01
5.174174950688296137e-01
5.614699519500448988e-01
5.985007530398653852e-01
5.644850736391404666e-01
6.064610891157206085e-01
6.397850386993779725e-01
6.240115712452901642e-01
6.321946369936157772e-01
6.527851337938276322e-01
6.888301272209308435e-01
5.739178705054521767e-01
6.390268516534213239e-01
7.263139360381086762e-01
5.848017278403656594e-01
7.355013752973600383e-01
6.908730357100578701e-01
7.193352973448249310e-01
7.485890461442836763e-01
8.272914039683164633e-01
9.302518615070981545e-01
8.582891482311898468e-01
9.613538769534591966e-01
9.354415409693964678e-01
8.587274393865570454e-01
7.377390831906804891e-01
