9.194714264228580625e-01
1.027745761236125821e+00
1.299205335572144460e+00
1.494317678276162908e+00
1.418341553981100844e+00
1.515517418136849814e+00
1.572750986151617347e+00
1.543833219450422511e+00
1.646901506116277947e+00
1.560546749654352583e+00
1.413317935993068764e+00
1.255443763992342809e+00
1.003827100770677383e+00
8.173907743306684237e-01
4.657272416811601978e-01
1.629765830948693150e-01
-2.657303154293578773e-01
-5.979959042075263520e-01
-1.118097064039220934e+00
-1.458593994652129355e+00
-1.980850924843359007e+00
-2.357694910222477347e+00
-2.606658682432849261e+00
-2.993156358220500302e+00
-3.005919735837968787e+00
-3.167043959891012062e+00
-3.073230617494215888e+00
-2.894368517608922886e+00
-2.628994332528663769e+00
-2.353355964625261532e+00
-1.938165634486180622e+00
-1.489295629385921416e+00
-1.069487570221907324e+00
-6.267595168149866502e-01
-1.907590552208877077e-01
2.273899290261018891e-01
4.511729807083011412e-01
8.050632134349949842e-01
1.127561147791866558e+00
1.166196487244774316e+00
1.442255862982706249e+00
1.470187848543498488e+00
1.522273501923288697e+00
1.532103848001331814e+00
1.556177416496324684e+00
1.578660839022446361e+00
1.410462562088648619e+00
1.411366691243927773e+00
1.285967080521104977e+00
1.119045554698395062e+00
9.213525026267173068e-01
