1.505743068298565634e-01
1.474710726675863282e-01
1.385398583102913916e-01
1.248402335122520829e-01
1.079061850998727645e-01
8.946435569852022318e-02
7.114848741984575176e-02
5.427417591647159395e-02
3.971300382270213924e-02
2.787302924597205578e-02
1.876495540554965966e-02
1.211777365405502377e-02
7.506026076657634077e-03
4.459736863097517670e-03
2.541676855072326838e-03
1.389451419438466695e-03
7.285818239794086392e-04
3.664588646851232607e-04
1.768007342206796850e-04
8.181912485618430782e-05
3.631930496580480902e-05
1.546436747725319274e-05
6.315950632608266036e-06
2.474327748669757884e-06
9.297959662330063286e-07
3.351428998758611872e-07
1.158735524669393913e-07
3.842824525703312763e-08
1.222443284393978100e-08
3.730085765191532785e-09
1.091744089455951541e-09
3.065030598556081378e-10
8.253928697699803503e-11
2.132055690526169144e-11
5.282607084576192578e-12
1.255480604093370067e-12
2.862092325860271578e-13
6.258484831486618910e-14
1.312703677930784102e-14
2.641047020873272114e-15
5.096798896353553091e-16
9.434758670974809660e-17
1.675236115461718048e-17
2.853206413858500611e-18
4.661248851697848230e-19
7.304379356745775958e-20
1.097934127791417511e-20
1.583000974992335425e-21
2.189263383004362747e-22
2.904201714053601990e-23
0.000000000000000000e+00
