3.261671620770699054e+00
3.805362024557123135e+00
4.403912213677347864e+00
4.596934754226060349e+00
5.360416441782283492e+00
5.721207436006098490e+00
5.788299419262402878e+00
6.167738694921077958e+00
6.384484476527370056e+00
6.375983280373931805e+00
6.495325918423458411e+00
6.779898174220048368e+00
6.698298272467149594e+00
6.347464305927680961e+00
6.273439202081561916e+00
6.077205047704572927e+00
5.790397390332184813e+00
5.624580765870946131e+00
5.505674230519672641e+00
5.068728399834481202e+00
4.866092357909408861e+00
4.881528128894776053e+00
4.745982645030536240e+00
4.635914106990071559e+00
4.336927856317315921e+00
4.497779239551638497e+00
4.793543889658445245e+00
4.819125715493035145e+00
4.992352295358803538e+00
5.142269401467445711e+00
5.560492089222524470e+00
5.658220392596257753e+00
5.807134894841067485e+00
5.925140742056281162e+00
5.989597964881554049e+00
5.720574349237350198e+00
5.846787214257697762e+00
5.265735556635560144e+00
5.038427555759247944e+00
4.764525884147250423e+00
3.998214323047016627e+00
3.633998966522085539e+00
3.421210452193904850e+00
2.784834349537579801e+00
2.504925332479407629e+00
2.031076506135093052e+00
1.661245746239728760e+00
1.163261824374513420e+00
1.012201931295549473e+00
6.703061826806112622e-01
5.219907838710826642e-01
