2.653325960901065539
3.532583726207044972
4.047079395076123909
4.748270164729973430
4.923033643388124325
5.254796152609857884
5.415239948303369744
5.635928957692230234
5.775950036285254718
5.963332847144421578
5.937711618844434547
5.873028129660330166
5.796733545303299984
5.655221906901356732
5.520679653548152821
5.242466616289022774
4.944678386634213219
4.660135471386042560
4.430436882726075609
4.067933383622594157
3.679592637410421752
3.425865924720422395
3.128004807851264335
3.053152965345718783
2.883164631809667089
2.885249622716489437
2.998314351657656029
3.328750408205369382
3.625548257493697246
4.036113666971717251
4.452049878992182741
4.895122128570390529
5.349094167907357367
5.771034703394696486
6.038988416342758292
6.041009226081688332
5.753617968087167078
5.404205099540913437
4.993659492355084772
4.279307279983073364
3.632040049883198396
3.034428402921301782
2.411528722644912026
1.847815034706816961
1.310127490955085072
0.8642337888971122206
0.5417949186276215245
0.3063085832083232152
0.3001789144038761736
0.1528856973544774067
0.08106276530384406986
