2.418428266099771129e+00
5.312199815176756879e-01
3.515163650092123504e-02
1.666252935251592460e+00
6.140604508051941135e-01
1.465123167151532790e+00
2.122075894085692305e+00
1.082216518767520119e+00
1.068737687341385856e+00
1.459251990598330329e+00
1.310009740096780728e+00
2.256718678584506144e+00
1.392388647758553200e+00
-1.197950848806378144e+00
2.025591449996195781e+00
7.917250847230609123e-01
1.844333815664298548e-01
1.011499486492847710e+00
5.224120237341887130e-01
1.360723142588948775e+00
-8.046054581952124529e-01
1.633487358610285378e+00
4.428719567968814053e-01
1.494216853811223544e-01
-2.117590228970205324e-01
-7.403392157657145978e-01
-1.128360461498024048e+00
7.588042163705980281e-01
2.430989380172708936e-01
4.183895858502877374e-01
1.228880358275777906e+00
1.736786158018257531e+00
5.273814733257939924e-01
6.766514131947701793e-01
1.614056977167476203e+00
1.853870399419614567e-01
4.457570682294652586e-01
1.190720907108905990e+00
-1.475209454880185289e+00
-5.222290297681740912e-01
1.081477251891380803e-01
-1.047412015401769647e+00
-8.481275418062824700e-01
-1.619509054876612897e+00
-6.895296720386313583e-01
-1.054079094883454637e+00
2.363451032260245555e+00
-1.008368311970952558e+00
7.696526666591551047e-01
2.414160227794714952e-01
1.461437236253104732e+00
