3.118996872404638410e+00
4.251010762979968938e+00
3.378407937819160267e+00
4.167992746121484515e+00
3.748921625843756100e+00
4.783974665795574843e+00
3.330393729359875099e+00
4.312946444195488560e+00
4.680657447119444647e+00
4.119591899009505731e+00
4.525723540079127361e+00
3.285766721035081162e+00
1.806606773300923674e+00
4.036519241541979497e+00
1.385557319862934289e+00
2.731046421489783160e+00
2.655566809279249263e+00
3.620378034194830619e+00
3.882739703870035974e+00
2.482240526660854485e+00
1.983119157993790127e+00
4.603490061969656821e+00
1.031086626935695971e+00
8.345586530659530045e-01
3.635330743778337759e-01
2.255901090477085091e+00
1.896482794291391549e+00
2.101348127048567882e+00
3.500858102025100838e+00
2.771196262546865796e+00
4.223039137319022807e+00
2.890303836607996057e+00
1.414316778117474360e+00
3.772047373314312502e+00
2.342824326885176056e+00
5.100634963858405868e+00
4.964839396988346643e+00
3.828985040966230713e+00
4.311456781652279524e+00
3.366888156209305816e+00
2.533108312649229088e+00
1.434173046650539352e+00
1.061580774347959055e+00
1.761879851833320298e+00
1.603396361037479290e+00
1.221069995769727079e+00
1.086353273507432604e+00
3.666243227051834142e-01
8.284191951663535392e-01
-1.586600705122934718e-01
3.644794896372115289e+00
