2.419707245282781027e+00
2.660852499350644607e+00
2.896915529001507839e+00
3.122539338755752514e+00
3.332246046855835697e+00
3.520653328401823767e+00
3.682701600765197369e+00
3.813878772867291378e+00
3.910428797116403565e+00
3.969530835805462399e+00
3.989437671209474345e+00
3.969565087761028011e+00
3.910528348275214228e+00
3.814127579318141947e+00
3.683290833710798573e+00
3.521991569900643881e+00
3.335165498175911125e+00
3.128658352968749945e+00
2.909237719299558211e+00
2.684693381002197121e+00
2.464025729310813873e+00
2.257676286155305689e+00
2.077690242168986234e+00
1.937631223426503180e+00
1.852020584819763727e+00
1.835085621790798704e+00
1.898709929803498619e+00
2.049699120563426735e+00
2.286776239366392627e+00
2.598018697578896141e+00
2.959616910323315420e+00
3.336751487419101103e+00
3.686991957380312268e+00
3.965971780449246253e+00
4.134372242702988309e+00
4.164705808950012411e+00
4.046256632091415284e+00
3.786910751177458678e+00
3.411400544747795305e+00
2.956440851812585091e+00
2.464025729310812096e+00
1.974528740394126292e+00
1.521115538372097120e+00
1.126434036185092413e+00
8.018237746936713872e-01
5.486364920823375568e-01
3.608649477634514602e-01
2.281931056539361347e-01
1.387491615947707979e-01
8.114107054372736438e-02
4.565678637702892673e-02
